1.3216335773468018
1.4577744007110596
1.4703333377838135
1.4853694438934326
1.452190637588501
1.5449771881103516
1.6692936420440674
1.6676313877105713
1.6242756843566895
1.7261314392089844
1.6948394775390625
1.7779932022094727
1.8279228210449219
1.7510206699371338
1.9341378211975098
1.9829623699188232
1.9082257747650146
1.934760332107544
2.0475120544433594
1.9090230464935303
1.9678423404693604
1.9974658489227295
2.0202298164367676
1.4843547344207764
2.0080487728118896
1.6983611583709717
1.7060656547546387
1.8150825500488281
2.321375608444214
2.144705057144165
2.2415244579315186
2.621628522872925
2.1389410495758057
2.5465710163116455
1.967132806777954
2.6720058917999268
2.1222147941589355
1.905642032623291
1.958087682723999
2.1649796962738037
1.9846312999725342
1.9959313869476318
2.601410388946533
2.2092535495758057
2.315774440765381
2.046003818511963
2.3423171043395996
2.3041770458221436
2.3202922344207764
2.720608949661255
2.348719835281372
2.5902671813964844
2.5571188926696777
2.3157670497894287
2.5793068408966064
2.4171597957611084
2.476243019104004
2.7807605266571045
2.7375502586364746
2.7956221103668213
2.914053440093994
3.3542909622192383
2.1125147342681885
3.155085802078247
2.378384828567505
3.234121084213257
2.554276943206787
2.2146356105804443
2.2535572052001953
2.586179733276367
2.567988157272339
2.5277743339538574
2.6186983585357666
2.478712797164917
2.541606903076172
2.545048952102661
2.63754940032959
2.6736795902252197
2.6463804244995117
2.808784246444702
2.6156277656555176
2.8178818225860596
2.7845301628112793
2.5258028507232666
2.769759178161621
2.6517186164855957
2.848957061767578
3.047255039215088
2.8506720066070557
2.7644224166870117
2.8903918266296387
3.236626386642456
2.9246222972869873
2.7319138050079346
2.8819360733032227
2.5929861068725586
2.627260684967041
2.6135616302490234
2.641140937805176
2.6493983268737793
