47.695045948028564
49.64448642730713
50.35295128822327
52.925153732299805
53.10551190376282
53.622448682785034
54.40800476074219
54.81042194366455
54.817179679870605
55.39268136024475
55.61285471916199
55.7158625125885
55.95633339881897
55.974966287612915
56.64517617225647
57.02637767791748
57.35853385925293
57.43496918678284
56.96857500076294
57.57678747177124
57.4446656703949
58.6412615776062
59.07304406166077
58.71224045753479
58.702489614486694
59.16330361366272
58.99342322349548
59.28260612487793
59.53480887413025
60.237403869628906
60.1383695602417
60.27417254447937
60.69736194610596
59.43755650520325
59.63905954360962
60.102593660354614
61.839277267456055
60.20745515823364
59.91785502433777
61.42132925987244
62.88064384460449
58.77338695526123
60.28849911689758
62.280452489852905
55.66671919822693
59.844165325164795
60.92716312408447
62.851075172424316
57.46174597740173
61.71504735946655
61.41491150856018
61.68986392021179
59.490469455718994
64.0135567188263
60.404388189315796
61.44701027870178
63.47645688056946
58.20604944229126
62.68576741218567
58.39893293380737
59.89118218421936
59.05511832237244
65.48101663589478
63.412267208099365
57.6916925907135
59.033692836761475
58.838123083114624
60.24975943565369
58.73948001861572
60.74892544746399
60.14787745475769
61.142380237579346
60.53476667404175
62.43548893928528
62.64679217338562
54.900848150253296
58.10959601402283
57.32845854759216
60.54371738433838
59.61824131011963
60.25605916976929
59.085911989212036
52.82878232002258
58.264365673065186
54.819801807403564
61.10781788825989
58.22926306724548
58.82303476333618
53.00866413116455
59.71831679344177
56.9288010597229
58.873602628707886
50.16633629798889
57.458550691604614
54.63426399230957
54.753827810287476
55.26516246795654
54.47763633728027
51.916844844818115
51.270689725875854
