1349.0620167255402
1357.4808802604675
1359.662917137146
1361.668161392212
1361.6282432079315
1363.8942985534668
1357.320074558258
1366.825340270996
1367.3102271556854
1368.1639790534973
1368.357613325119
1366.5433175563812
1370.4022369384766
1371.6677596569061
1372.341329574585
1372.7051763534546
1372.7235944271088
1370.7046344280243
1374.247388124466
1372.6965336799622
1372.0497288703918
1376.1509063243866
1375.4846568107605
1377.2413742542267
1375.6577155590057
1375.6832740306854
1376.235216140747
1375.3562769889832
1369.4548931121826
1376.812262058258
1365.6958379745483
1379.5851230621338
1381.6771466732025
1381.7937080860138
1378.3880352973938
1379.057525396347
1383.9056942462921
1369.171819448471
1384.0374476909637
1376.1877131462097
1384.3722126483917
1380.1794142723083
1376.6547682285309
1381.9473247528076
1382.5594840049744
1381.6484429836273
1382.3111176490784
1385.4334077835083
1369.660936832428
1369.5809652805328
1386.5508241653442
1373.1122748851776
1368.1298549175262
1387.1146883964539
1386.6153724193573
1374.3757061958313
1387.2296006679535
1377.1746363639832
1387.2050440311432
1388.063457250595
1381.4089894294739
1372.0792124271393
1385.9856700897217
1385.3586990833282
1386.7391843795776
1375.8470594882965
1383.0242364406586
1378.2734780311584
1387.9788150787354
1389.7011048793793
1379.95618724823
1389.8114387989044
1384.4036207199097
1371.8771662712097
1379.5602939128876
1389.5345118045807
1391.6135761737823
1388.3541798591614
1381.5947077274323
1381.9990894794464
1392.1361184120178
1382.6021275520325
1378.1359782218933
1383.091872215271
1381.7970719337463
1389.7723021507263
1376.2075901031494
1383.276341676712
1380.2519257068634
1377.7248549461365
1382.0632238388062
1391.9512193202972
1378.3433575630188
1390.7636246681213
1384.7668311595917
1375.357658624649
1393.854410648346
1388.085987329483
1376.4679069519043
1375.214416027069
