2742.9363207817078
2745.837979078293
2743.9930503368378
2753.9144520759583
2757.5798733234406
2758.069517850876
2758.22612452507
2758.9703204631805
2759.985254049301
2751.5403912067413
2761.0260167121887
2766.002097606659
2764.212684392929
2766.192106962204
2751.778384923935
2768.1049497127533
2769.59853720665
2771.15176486969
2762.9169647693634
2772.8757677078247
2762.6258907318115
2769.591546058655
2773.097996234894
2773.9694962501526
2766.871679544449
2775.4151220321655
2775.7800636291504
2776.584692001343
2775.87509393692
2772.2895538806915
2777.1277062892914
2776.4758722782135
2766.389140844345
2773.194262742996
2778.17586350441
2778.6127424240112
2780.7749919891357
2781.045859336853
2767.214831829071
2778.0769579410553
2779.480047941208
2768.185871362686
2779.2634992599487
2781.5425112247467
2771.8994896411896
2770.986501455307
2777.2113103866577
2767.25137925148
2784.3639822006226
2776.4487884044647
2777.917267560959
2768.063583135605
2780.477514028549
2767.5948173999786
2781.784425973892
2771.6547701358795
2786.160726070404
2776.819316625595
2773.773003101349
2782.5924026966095
2787.1583383083344
2778.753273963928
2769.943026304245
2775.5248115062714
2788.1735196113586
2785.7403061389923
2788.7253971099854
2788.6985557079315
2788.0142335891724
2788.997358083725
2789.017347574234
2783.829628944397
2776.61359333992
2789.4167845249176
2771.660378217697
2789.0292036533356
2790.0347707271576
2790.187455177307
2775.3790402412415
2785.355446577072
2775.3473579883575
2776.5029475688934
2777.2602083683014
2778.073655605316
2777.4537405967712
2791.3570466041565
2789.686782836914
2790.081953763962
2791.5900707244873
2773.6685786247253
2780.127332687378
2791.261397600174
2780.4618101119995
2791.3819749355316
2788.1364345550537
2786.4117646217346
2784.7027373313904
2790.9201188087463
2774.0877900123596
2790.7311086654663
