1381.139574766159
1385.2623109817505
1386.8009645938873
1388.977900505066
1389.5688195228577
1388.2921888828278
1389.3769042491913
1390.782387495041
1391.7874057292938
1392.533762216568
1392.4950368404388
1392.7168643474579
1392.772197008133
1391.313644170761
1392.9713633060455
1391.5330317020416
1395.2245132923126
1395.6869149208069
1396.0321760177612
1393.5975711345673
1396.7244012355804
1397.2237694263458
1392.2203266620636
1397.5593016147614
1398.817391872406
1395.0323593616486
1399.4538214206696
1397.8631291389465
1396.0706419944763
1397.7654302120209
1400.591701745987
1398.9787092208862
1399.9045073986053
1401.4709570407867
1397.4630308151245
1397.219179391861
1402.2066521644592
1401.5920224189758
1399.2932481765747
1399.199245929718
1402.2587389945984
1402.7449951171875
1401.2080121040344
1402.345443725586
1403.2067279815674
1402.478191614151
1401.8556146621704
1403.3355553150177
1402.0477812290192
1398.3699896335602
1403.625477552414
1400.8523750305176
1403.392318725586
1404.3058400154114
1403.1623277664185
1403.0508499145508
1404.7908341884613
1403.963541507721
1400.4277820587158
1400.866403579712
1403.2933297157288
1404.9207305908203
1401.8231463432312
1405.526748418808
1402.9800276756287
1405.4495651721954
1405.8049228191376
1405.3660645484924
1406.4355511665344
1406.1860415935516
1406.4541919231415
1406.5559787750244
1406.34170627594
1406.8471715450287
1402.3790729045868
1406.8845138549805
1406.9835541248322
1404.5863108634949
1405.0929617881775
1406.6293513774872
1403.8416731357574
1403.8722355365753
1403.560391664505
1401.9273381233215
1404.1576647758484
1403.2476162910461
1403.7932181358337
1403.9295670986176
1406.414412021637
1406.019779920578
1407.6830959320068
1402.500111579895
1407.4189324378967
1402.636312007904
1406.7064003944397
1406.18492603302
1405.4901793003082
1404.136929988861
1407.0427961349487
1404.9307644367218
