0.9719011783599854
0.9809775352478027
1.00797700881958
1.1315481662750244
1.1335699558258057
1.2367031574249268
1.2344441413879395
1.252681016921997
1.2872819900512695
1.2881059646606445
1.2982592582702637
1.3726377487182617
1.4392402172088623
1.4599578380584717
1.2591066360473633
1.4155852794647217
1.359462022781372
1.467254877090454
1.5130548477172852
1.4316730499267578
1.4021999835968018
1.5155627727508545
1.2023086547851562
1.341169834136963
1.439821481704712
1.625871181488037
1.4885005950927734
1.644700050354004
1.5675270557403564
1.4586403369903564
1.4518887996673584
1.517439603805542
1.5885202884674072
1.6202964782714844
1.6372039318084717
1.4302897453308105
1.4035584926605225
1.6336712837219238
1.7039461135864258
1.538835048675537
1.5784220695495605
1.5513768196105957
1.3726952075958252
1.746185541152954
1.7343921661376953
1.6393468379974365
1.5315439701080322
1.5905413627624512
1.7808232307434082
1.5686302185058594
1.3899765014648438
1.381913661956787
1.794600009918213
1.207038402557373
1.4280660152435303
1.4223768711090088
1.3992948532104492
1.0654988288879395
1.3177580833435059
1.8762080669403076
1.0982096195220947
1.2796742916107178
1.1359937191009521
1.526571273803711
1.2706823348999023
1.327376127243042
1.378582239151001
1.2544705867767334
1.0694479942321777
1.1582505702972412
1.2912323474884033
1.319382667541504
1.1809096336364746
1.1008336544036865
1.4156720638275146
1.1572773456573486
1.4326941967010498
1.4815545082092285
1.338921070098877
1.2861874103546143
1.1434264183044434
0.9302940368652344
0.911353349685669
1.1706440448760986
0.9368066787719727
0.903261661529541
1.1216251850128174
0.8327574729919434
1.0284340381622314
1.1434431076049805
1.1128873825073242
0.935476541519165
1.2416234016418457
1.2797520160675049
0.8263704776763916
0.7583980560302734
0.7872300148010254
0.8249833583831787
1.0598704814910889
0.7785844802856445
