29.354825019836426
29.955610275268555
29.98614192008972
30.088403940200806
30.422305583953857
30.258785009384155
30.403987884521484
30.502903938293457
30.519059658050537
30.554949045181274
30.68127965927124
31.1106059551239
31.191694974899292
31.45345139503479
31.2205753326416
31.52884554862976
31.857460975646973
31.90150809288025
31.442838430404663
31.950128078460693
30.102955102920532
31.466715574264526
31.717878580093384
32.13689732551575
32.21973180770874
31.820855855941772
32.13290309906006
32.28785824775696
31.864052772521973
32.27498388290405
32.02149224281311
32.62310338020325
32.132498025894165
31.58591055870056
32.74429988861084
32.45782971382141
32.1687445640564
32.351126194000244
31.695647954940796
32.20614695549011
32.87890887260437
30.507129192352295
31.486499071121216
33.16492748260498
32.99027872085571
32.659032583236694
32.892223596572876
33.10547161102295
32.55325651168823
33.33961057662964
32.72588515281677
32.97099709510803
33.127350091934204
33.150306701660156
32.45023036003113
32.6921181678772
30.83400321006775
31.506261825561523
32.80391335487366
33.698644399642944
31.77532958984375
32.987937927246094
32.3577241897583
33.17410492897034
30.80362868309021
32.29126214981079
32.75745725631714
32.52542209625244
30.93843984603882
32.79107975959778
32.42521905899048
33.63756036758423
32.06908869743347
33.61754488945007
32.80721402168274
32.91372108459473
32.43865895271301
32.96585822105408
33.9099395275116
31.55391573905945
32.000170946121216
31.529939651489258
32.981587409973145
31.891417026519775
31.994884490966797
32.10253167152405
33.14677810668945
31.667267560958862
31.511545181274414
31.728025197982788
31.929170608520508
31.681296348571777
32.66404676437378
32.80261278152466
32.61447358131409
31.112278938293457
31.870420932769775
32.08539652824402
31.591907739639282
31.37407660484314
