680.3566544055939
688.9611263275146
686.9661781787872
692.1586835384369
691.6736674308777
692.7323727607727
694.7003269195557
694.5338892936707
693.1222052574158
693.1478424072266
696.0378885269165
692.489578962326
696.8596484661102
696.9861731529236
697.0809032917023
697.2532875537872
696.8495688438416
697.419882774353
696.8609178066254
698.1624917984009
697.8952569961548
697.4269795417786
697.5657584667206
698.6527330875397
698.9460022449493
698.1951031684875
699.1505134105682
699.2877130508423
698.8825504779816
698.8943843841553
698.4942462444305
698.8439242839813
700.0372087955475
699.9820644855499
699.9035210609436
700.154116153717
699.9364101886749
698.5390775203705
700.47593998909
700.7855281829834
700.6677398681641
701.1450119018555
699.5578956604004
700.3598687648773
699.7318394184113
701.1570529937744
701.5367224216461
700.9949622154236
700.4926097393036
701.356972694397
702.0059175491333
701.439535856247
702.2996528148651
701.0203025341034
700.6655714511871
699.4179139137268
702.1428401470184
701.5987961292267
702.7190670967102
699.6297423839569
701.6800045967102
700.406415939331
698.6665959358215
698.5708947181702
698.5012707710266
702.4991567134857
702.9868190288544
703.0329070091248
700.1312100887299
702.59463763237
702.0882813930511
702.8976030349731
703.6458823680878
700.186375617981
700.9731407165527
703.5514142513275
703.7911601066589
701.0636575222015
701.6903510093689
702.117604970932
701.4355523586273
700.4502425193787
702.8876886367798
701.336258649826
702.0006401538849
700.5920855998993
704.4122223854065
702.6969406604767
702.6105802059174
704.413152217865
702.2986350059509
704.7651908397675
703.8546624183655
704.7041518688202
704.613694190979
700.6965932846069
701.2092108726501
700.9960849285126
700.7783255577087
703.4335086345673
