1.1252377033233643
1.2192423343658447
1.2829959392547607
1.292402982711792
1.34891676902771
1.3637378215789795
1.4288573265075684
1.4436707496643066
1.4815130233764648
1.501845359802246
1.5652985572814941
1.6437668800354004
1.7009966373443604
1.7423956394195557
1.7829399108886719
1.8215117454528809
1.8678960800170898
1.8925909996032715
1.925908088684082
1.9508650302886963
1.9674713611602783
1.9942879676818848
2.030697822570801
2.049616813659668
2.0656118392944336
2.079289436340332
2.098816394805908
2.1069648265838623
2.117859363555908
2.1375157833099365
2.1457197666168213
2.1594290733337402
2.175180196762085
2.1831939220428467
2.19948148727417
2.2106480598449707
2.218722105026245
2.2206642627716064
2.229358434677124
2.2320802211761475
2.240501880645752
2.243074655532837
2.2513866424560547
2.2538578510284424
2.259225368499756
2.2672524452209473
2.2691686153411865
2.2692508697509766
2.2743663787841797
2.280141830444336
2.288343906402588
2.2879045009613037
2.287879705429077
2.287703037261963
2.2874221801757812
2.289985179901123
2.2898130416870117
2.287257194519043
2.286965847015381
2.287184953689575
2.2869651317596436
2.2894487380981445
2.2871205806732178
2.289546489715576
2.2892866134643555
2.289360523223877
2.2891011238098145
2.2806317806243896
2.283057689666748
2.2803878784179688
2.2807059288024902
2.277689218521118
2.274325370788574
2.26908016204834
2.2657601833343506
2.2607297897338867
2.2577481269836426
2.252178192138672
2.2489748001098633
2.2441742420196533
2.2386510372161865
2.235529661178589
2.232478141784668
2.226928949356079
2.223919153213501
2.2186057567596436
2.21562123298645
2.2126476764678955
2.2074451446533203
2.2045040130615234
2.201427936553955
2.196074962615967
2.193204402923584
2.190234422683716
2.184823989868164
2.1818087100982666
2.178710699081421
2.1753599643707275
2.1702492237091064
2.1670894622802734
