25.72968816757202
25.79031991958618
25.801312685012817
25.85807228088379
25.914629459381104
25.915562868118286
25.969482421875
26.007088661193848
26.038846254348755
26.088245630264282
26.137367486953735
26.18996286392212
26.25654911994934
26.304099798202515
26.3341326713562
26.3837628364563
26.436015605926514
26.463919639587402
26.499876737594604
26.524405241012573
26.5489604473114
26.588029146194458
26.6097629070282
26.632052659988403
26.654386281967163
26.667614221572876
26.681366205215454
26.704147815704346
26.723315238952637
26.737380743026733
26.7481689453125
26.761924982070923
26.778550624847412
26.786570072174072
26.800943613052368
26.80972123146057
26.81743049621582
26.828207969665527
26.834125995635986
26.84781265258789
26.8562650680542
26.859572887420654
26.870533227920532
26.872867345809937
26.875943422317505
26.88128161430359
26.886995315551758
26.88950514793396
26.892791509628296
26.892356634140015
26.89197564125061
26.894835710525513
26.903374433517456
26.903170585632324
26.90902614593506
26.906258583068848
26.906047344207764
26.912233114242554
26.909595727920532
26.909092903137207
26.90633726119995
26.906384229660034
26.906198024749756
26.90603256225586
26.903194189071655
26.9036922454834
26.89262819290161
26.889811515808105
26.88990306854248
26.887588262557983
26.88699221611023
26.88462257385254
26.884122133255005
26.878882884979248
26.873153924942017
26.870437622070312
26.870027780532837
26.862290143966675
26.85899019241333
26.85118556022644
26.845811128616333
26.842549085617065
26.836604356765747
26.831357717514038
26.82826542854309
26.820281982421875
26.81719207763672
26.811546802520752
26.80609703063965
26.8029305934906
26.795212268829346
26.79176163673401
26.786667108535767
26.781129837036133
26.7779757976532
26.772814989089966
26.76705288887024
26.761524438858032
26.731270790100098
26.72824215888977
