545.3616707324982
545.4272427558899
545.4736106395721
545.5183563232422
545.5330340862274
545.5724666118622
545.5761158466339
545.6349406242371
545.6687369346619
545.7418420314789
545.7854015827179
545.8285675048828
545.8882265090942
545.9346263408661
545.970076084137
546.0027890205383
546.0496363639832
546.0765357017517
546.120411157608
546.1418721675873
546.177538394928
546.2050940990448
546.2183337211609
546.2400553226471
546.2645649909973
546.2754406929016
546.2912795543671
546.3192412853241
546.3325729370117
546.3405742645264
546.3538432121277
546.3677468299866
546.3753366470337
546.3922820091248
546.4054005146027
546.4168207645416
546.4272704124451
546.4354703426361
546.4404716491699
546.4511771202087
546.454184293747
546.4596216678619
546.4624609947205
546.4683537483215
546.4735419750214
546.4811999797821
546.484738111496
546.4893736839294
546.48952293396
546.4920840263367
546.497880935669
546.5001721382141
546.5058236122131
546.5057632923126
546.5081698894501
546.5084257125854
546.5053133964539
546.5076143741608
546.5046808719635
546.5021398067474
546.5019788742065
546.5019721984863
546.5020709037781
546.5017566680908
546.501876115799
546.5016968250275
546.4936625957489
546.4931828975677
546.493096113205
546.493489742279
546.4931795597076
546.4878680706024
546.4848458766937
546.4817793369293
546.4790999889374
546.4761433601379
546.4710562229156
546.4657409191132
546.4650094509125
546.4594745635986
546.4541220664978
546.4488639831543
546.4431960582733
546.4399647712708
546.4346528053284
546.4291870594025
546.425950050354
546.4206671714783
546.4173603057861
546.4144604206085
546.4094347953796
546.4064614772797
546.4035470485687
546.3982260227203
546.395082950592
546.3919677734375
546.3864488601685
546.3835430145264
546.3784520626068
546.3507919311523
