1093.9381601810455
1094.0091936588287
1094.0364291667938
1094.081224679947
1094.1204025745392
1094.148948431015
1094.1884632110596
1094.2393658161163
1094.2876374721527
1094.3223214149475
1094.3490977287292
1094.398111820221
1094.455425977707
1094.4962158203125
1094.5288956165314
1094.559061050415
1094.5832793712616
1094.6134843826294
1094.6490910053253
1094.676381111145
1094.6954822540283
1094.7174201011658
1094.7302701473236
1094.7358138561249
1094.757616519928
1094.77179479599
1094.78209066391
1094.7957878112793
1094.8179414272308
1094.8343832492828
1094.8510015010834
1094.8585662841797
1094.8611919879913
1094.8695385456085
1094.87508559227
1094.885767698288
1094.8915255069733
1094.9020297527313
1094.9073989391327
1094.9133832454681
1094.9183955192566
1094.929250240326
1094.940331697464
1094.9455976486206
1094.9509904384613
1094.9589812755585
1094.9562826156616
1094.9591767787933
1094.9588522911072
1094.9588265419006
1094.9615995883942
1094.961421251297
1094.9640707969666
1094.964343070984
1094.9666774272919
1094.9666788578033
1094.9693396091461
1094.9691150188446
1094.9691772460938
1094.969599723816
1094.9721386432648
1094.9741470813751
1094.976684808731
1094.9767553806305
1094.9794118404388
1094.9801182746887
1094.9829041957855
1094.9848523139954
1094.9718582630157
1094.9710493087769
1094.9660301208496
1094.9634907245636
1094.9607021808624
1094.957495212555
1094.95472073555
1094.9516570568085
1094.948839187622
1094.9460923671722
1094.943017244339
1094.9401783943176
1094.937498807907
1094.9344844818115
1094.93177318573
1094.928949356079
1094.9238424301147
1094.9211168289185
1094.917964220047
1094.9152102470398
1094.9125628471375
1094.9096231460571
1094.908942937851
1094.9062941074371
1094.9034984111786
1094.9010581970215
1094.900462627411
1094.8975772857666
1094.8951320648193
1094.8924791812897
1094.8896431922913
1094.8871099948883
